
 FOIL 
0.9947197400487409
0.9604257167680278
0.9993894248381976
0.9839382872475217
0.995994373776908
0.9984795499467842
0.9987295081967213
0.996993006993007
0.9162387676508345
0.997470537510779
0.9715356094546578
0.9983625347961356
0.9928719039204529
0.9960614975799563
0.9987625187061125
0.9935823644526304
0.9330671283368703
0.9975701676088465
0.9977967576977478
0.9410241153617305
0.9990410347903658
0.9993551267423979
0.9986230886296108
0.9969928688031617
0.9910682723352108
0.9991395856774108
0.9824243950026749
0.9980552008643552
0.9990194075587334
0.9977345918933925
0.9901469229555852
0.9898863534821001
0.9971260435199124
0.9990047528130966
0.9865109349225776
0.998481906958413
0.9880154022586941
0.9992215374635096
0.9988900974494439
0.9984085868589906

0.9515671353024635
0.9956139068393812
0.9661851041786578
0.9961864758062288
0.9918283963227783
0.9930034129692833
0.9971356031508365
0.9593181256691098
0.9875226437774053
no_eval
no_eval
0.940899453641034
0.9969609062025142
0.9763829249810558
0.9928549358875328
0.9978511587422478
0.9784393462748407
0.9594386068043207
0.9598889231718606
0.9837781476208618
0.9982189187294018
0.9984119632104811
0.9992534452492887
0.9988003459467503
0.987753179463024
0.9989566838826158
0.9914174132175795
0.9784707078254372
0.9989569399324798
0.9987576169910667
0.9989576133878698
0.9994022039499656
0.9918907947776341
0.9918320292379014
0.9948957516428243
0.9942394186961463
0.998669162926037
0.9838969803736695
0.9983250138657792
0.9985200298867751

0.9985758048046434
0.9845666004375138
0.9871990897130463
0.7842442115831085
0.9996675361874073
0.9937948045941571
0.9953517566627649
0.9949293966623877
0.9831887028082872
0.9976761795347137
no_eval
no_eval
0.995741556534508
0.9919459599896077
0.9829160146061554
0.9016363075023155
0.9986328421692238
0.9917847639086577
0.9766972927479309
0.9595753516168054
0.9992822783843628
0.998207812309071
0.9955587362394493
0.9904346901902434
0.9988417346182358
0.9987553663552077
0.9991655891992663
0.9962577754414949
0.992098923776402
0.986133245952427
0.9875159392867426
0.995095072112876
0.9986854254370178
0.9960694510903001
0.9992557251908397
0.999389586657446
0.9929170770563889
0.98733862959285
0.9984829183555298
0.9951222402148584

 NTP 
0.20586244245870566
0.6238053866203301
0.9867199902307974
no_eval
0.20456213307240703
0.9880644670822564
0.993483606557377
0.9995804195804195
no_eval
0.988847369933889
0.4984551212729801
0.5609487941238391
no_eval
0.9537819113599696
0.9832796132151491
no_eval
no_eval
0.991396409798671
0.9979599608312479
no_eval
0.9992417484388938
0.9971228731583908
0.9986230886296108
0.9934702294011513
0.977493931609832
0.9540274008868886
0.9823929257009787
0.9974462233572341
0.9871092951991829
0.9977345918933925
0.9902595939337945
0.9898619832495268
0.9971108374009702
0.9018158183369216
0.9864178151439366
0.998481906958413
0.9880154022586941
0.9906843983133312
0.9945762762029494
0.9910440686000643

no_eval
0.9846486739378344
0.8286232301139634
0.9959654019399232
no_eval
0.3658703071672355
0.9626977410324848
no_eval
no_eval
0.6182993165651588
no_eval
0.8813911767104298
0.9971266749551043
0.9748673907552412
no_eval
no_eval
no_eval
0.9342102040316457
no_eval
0.9783240761163803
no_eval
0.9529544101105009
0.9992534452492887
0.9920767034622574
0.884380848111418
0.9989566838826158
0.9914174132175795
0.9784967723438084
0.9989569399324798
0.9953558539904159
0.9968841704528717
0.9993176101693003
0.9467945510672243
0.9917339154749932
0.9947943427350658
no_eval
0.996984939736389
no_eval
0.9982806433721575
0.9982470256911317

no_eval
0.8669195416139844
0.9841055363936991
no_eval
0.9978261981484323
0.8029368688815232
0.9830016794747825
0.9885109114249038
no_eval
0.9841771325622078
no_eval
no_eval
0.30565345080763584
no_eval
0.9971048513302034
0.4072244519913554
0.9952149475922831
0.9962404851785382
0.9661067470893533
0.4464224457002546
0.9994502557837672
0.9981670807706408
0.9954324443789597
0.9893187373791051
no_eval
0.9987553663552077
0.9991505547704242
0.9962577754414949
0.9920907020529643
0.9859247233351703
no_eval
0.994187138652919
0.9986697757398394
0.9671371932462917
0.999262086513995
0.9993779965306887
0.9925457079962755
0.9862867819996864
0.9789866821077012
0.9877463564911726

 NEURAL_LP 
0.9947197400487409
0.9438314509122502
0.9892538771522774
0.9827085041365432
0.9872186888454012
0.9876083320662916
0.9916803278688524
0.9995804195804195
0.9144415917843389
0.988847369933889
0.9762474895720686
0.9928185454630518
0.9731348647758243
0.9875201670304641
0.988546103372856
0.977092206745712
0.9448229643694851
0.995413071506496
0.982999673593733
0.9406741101116517
0.9993755575379126
0.9983754154471948
0.9962134937314299
0.9977661311109202
0.9864374425565008
0.9986498113707062
0.9794977499449288
0.9954424909144485
0.9984780388151174
0.9987340366463076
0.9871498749352142
0.9835825866564853
0.9970500129252011
0.9969330137709713
0.9807508114723568
0.9982191600858307
0.9865875794606171
0.9982744080441128
0.9988457013474217
0.9851524539929233

0.9366051850896427
0.9923389572794526
0.9592782318406815
0.9868461049548181
0.9848395247567335
0.9859044368600682
0.9724627302909967
0.9503623486782509
0.9829515634787614
0.978381142777442
0.9837321675103543
0.9850159014922939
0.9775659621494681
0.9648143470573377
0.9770199289355785
0.9858557284299858
0.973247397631653
0.9659294094594264
0.9453634917997769
0.985241924164344
0.9982189187294018
0.9943260768874479
0.998456447610016
0.9964103374840744
0.9847614925335133
0.9992674588963047
0.9894119509717256
0.9786966003179871
0.9984712402063826
0.9984174406910016
0.9972467397092648
0.9969377051399181
0.9840647981194951
0.9891339007579288
0.9919278509424267
0.9888382665798856
0.9975714103113558
0.980280624271146
0.9979922351636162
0.9992815679062015

0.9923281560702961
0.9773817408232485
0.9760694093802226
0.9562966681307649
0.9848089611784564
0.9905958529253064
0.9909240504181722
0.9847240051347882
0.9699958372026002
0.9894775320504452
0.974115957637767
0.9870347065836534
0.9816935878609887
0.9860926443843321
0.9836724047991654
0.980302562519296
0.9838219656691478
0.986617364935949
0.9628980221629962
0.9910267752360662
0.9989310529128808
0.9966294651949004
0.9897072133700983
0.985662663407376
0.9924712750185323
0.9987914426927378
0.996286496076014
0.9951563849359817
0.991358968667012
0.9820968438612431
0.9821891324914648
0.9885099455239924
0.9926289926289926
0.989695126119352
0.9941348600508906
0.9938263258139166
0.9896339592785752
0.9851565358281503
0.9962767805442965
0.98866463920376

 AMIE 
0.5066341727592742
0.5036924413553432
0.9988399071925754
0.9842364164865469
0.9920499021526419
0.9794739242815873
0.9997540983606558
0.26531468531468533
0.9212451861360719
0.999195171026157
0.5828054997682682
0.9989005590774053
0.9859534577255983
0.9999050963272279
0.6002072061701393
0.9728041901692184
0.9547079191332514
0.8064812059902807
0.5544282450223045
0.9410941164117462
0.9999553969669938
0.9999875985912
0.9976447568664396
0.9986253114528739
0.9913157212546838
0.9995764114104176
0.9827390880196368
0.9960711128572832
0.9997344228804903
0.998423098278734
0.9896286364558217
0.9894801829392125
0.9987683043656768
0.9992484868180526
0.8836667908263716
0.9954603179237158
0.9875976881422355
0.99715861174181
0.9999186071462925
0.9901806423214315

0.860828066554882
0.9834790490950028
0.9290606653620352
0.44275568574349905
0.5595398096876512
0.6463481228668942
0.2969207733871493
0.4721650333525488
0.9793116291668783
0.6492630991677902
0.303612517257248
0.9933132186251326
0.7617074181516784
0.3926496590047992
0.956125444152634
0.9972255467304972
0.9092304151001305
0.5383447228549735
0.37433840457598555
0.31210523149726294
0.9993689082112054
0.9991232713557864
0.9990516736950424
0.9999070035617635
0.973354890453336
0.9992082636556021
0.9920309263388439
0.977436815263382
0.9991400726160902
0.9998373069869254
0.9925673302439412
0.9996221477796953
0.9601997564406347
0.9887905025877505
0.9942872981962736
0.9781525339757725
0.9988947285317935
0.9841885219462571
0.9935662784248475
0.9985918730961549

0.7934110818509164
0.9515925100848938
0.7413860541194041
0.6905000941205999
0.5087463556851312
0.2527942650119479
0.9924169168914448
0.573620025673941
0.5759710525473118
0.8911198725815296
0.3507628791958356
0.9973175255000662
0.40540871267743517
0.5546436813228799
0.632811684924361
0.5073170731707317
0.3689807078839435
0.49806609319883655
0.5414504138027774
0.9896726668712875
0.9999389173093075
0.9948474603885789
0.9811825127870508
0.9776065469231586
0.9986100815418829
0.9961939463905625
0.9990453137685299
0.9870711773614188
0.9918851589670227
0.9800414066339981
0.8531940273950064
0.9813821460624909
0.9953989890295623
0.9415886253332422
0.9756552162849873
0.9986980424275906
0.9925080328742351
0.9765653582815031
0.9985002895193978
0.9583613096883763
