
 FOIL 
0.052631578947368474
0.6966966966966968
0.009652509652509633
0.3486590038314177
0.02208568581866488
0.005464480874316946
0.22719734660033164
no_eval
0.0
0.12962962962962965
0.11050527081061434
0.2727272727272727
0.020000000000000018
0.04504504504504503
0.9645390070921985
0.23363754889178623
1.0
0.4545454545454546
0.4882352941176471
0.8645484949832776
0.2692307692307693
0.14511873350923488
0.38743455497382195
0.8544776119402985

no_eval
0.3561643835616438
0.08502415458937196
0.9363636363636364
0.7910922587486744
no_eval
0.28373168851195063
0.024844720496894457
0.28325123152709364
0.4126984126984127
0.036381514257620484
0.2607392607392608
0.07363770250368185
0.9875
0.9797979797979798
0.9990543735224586
0.39473684210526316
1.0
0.5800000000000001
0.08868060562364821
0.14747474747474743
0.9972972972972973
0.5098039215686274
0.40944881889763785

 NTP 
no_eval
no_eval
no_eval
0.0
0.005126228560416224
0.04191674268977774
no_eval
0.010294619497213109
0.013531634767767864
no_eval
0.024266331958639697
0.07132667617689015
0.05425935973955509
0.23549488054607504
0.0
0.0
0.03887399463806973
no_eval
0.1460446247464503
0.0
0.08737864077669899
0.0
no_eval
no_eval

0.012018801689772096
0.15560640732265452
0.004397537379067673
0.2114989733059548
no_eval
no_eval
0.15351736420302764
0.0006531678641410466
0.00546816985080667
0.1797752808988764
no_eval
no_eval
0.0014245014245014564
no_eval
0.0
no_eval
0.0
0.0
no_eval
no_eval
0.0
0.0
0.041615667074663354
no_eval

 NEURAL_LP 
0.032786885245901676
0.01900882552613714
0.0
0.05319148936170215
0.026425591098748313
0.019827586206896508
0.005355776587605221
0.05649038461538458
0.09677419354838712
0.050345508390918114
0.07115384615384612
0.11488250652741516
0.0
0.15555555555555556
0.16475095785440608
0.005323193916349833
0.0
0.041749502982107334
0.17622080679405516
0.01014656144306647
0.030981067125645412
0.0
0.005555555555555536
0.054187192118226646

0.0026595744680850686
0.202247191011236
0.02761506276150627
0.21106557377049184
0.06501283147989734
0.04513888888888884
0.04533333333333334
0.0015625000000000222
0.1014975041597338
0.08750000000000002
0.021170610211706076
0.059476605868358456
0.034782608695652195
0.0
0.4744525547445255
0.0004137360364088183
0.0
0.021364009860312283
0.03541969917515764
0.01744186046511631
0.027700831024930705
0.021374045801526687
0.07641921397379914
0.2692307692307693

 AMIE 
0.03457857363383765
0.07983262225139487
0.0892687559354226
0.40990990990990994
0.022966672422724876
0.058041958041958
0.09415101985681484
0.010288767621646211
0.009784537389100123
0.009170039760719284
0.032809801825507745
0.10310841546626237
0.7246376811594203
0.36633663366336633
0.5596707818930041
0.029093931837073983
0.6420664206642066
0.007670476336580467
0.4441489361702128
0.037147595356550545
0.26631853785900783
0.49027237354085607
0.020322580645161237
0.13757700205338808

0.009521564930473736
0.9251700680272109
0.292172930206273
0.2389791183294664
0.04836071403171893
0.0032001003953064933
0.07028710725893828
0.1787186806216302
0.004946874865574102
0.03209109730848858
0.03653561500415181
0.049119241192411955
0.07549857549857553
0.9875
0.5606936416184971
0.01513002364066196
0.45238095238095233
0.07288629737609331
0.07608695652173914
0.06551724137931036
0.05455635491606714
0.07653061224489799
0.007171029042667643
0.6902173913043479
