
 FOIL 
0.012658227848101266
0.2986913010007698
0.8214285714285714
0.21493624772313297
0.015037593984962405
0.8387096774193548
0.824858757062147
0.8781869688385269
0.0
0.5111111111111112
0.161547212741752
0.31372549019607837
0.7800369685767097
0.3252032520325203
0.7261146496815286
0.6836879432624113
0.029161603888213847
0.41666666666666663
0.49056603773584906
0.0
0.24561403508771928
0.33333333333333337
0.0
0.0
0.013020833333333334
0.13333333333333333
0.0035682426404995537
0.038834951456310676
0.0
0.0
0.0
0.004796163069544364
0.010471204188481674
0.1090909090909091
0.015533980582524273
0.0
0.0
0.5588235294117647
0.0
0.9124767225325885

0.013140604467805518
0.025974025974025976
0.008438818565400845
0.12658227848101267
0.0
0.4126074498567335
0.8598726114649682
0.03984450923226433
0.23626943005181344
no_eval
no_eval
0.07763283487114221
0.0
0.08602150537634408
0.0
0.4316546762589928
0.49551166965888693
0.3082706766917293
0.09334763948497854
0.1420996818663839
0.0
0.09433962264150944
0.026315789473684213
0.0851063829787234
0.0
0.0
0.0
0.0
0.0
0.2631578947368421
0.17857142857142858
0.2318840579710145
0.5308574549426543
0.02346041055718475
0.03821656050955414
0.0
0.022099447513812154
0.0007698229407236336
0.05031446540880503
0.2695035460992908

0.3764705882352941
0.2779342723004695
0.372822299651568
0.1565068073101926
0.9182389937106918
0.49529780564263315
0.35377358490566035
0.5683060109289617
0.6165084002921841
0.5741626794258373
no_eval
no_eval
0.25
0.1648177496038035
0.2410196987253766
0.06787595084844938
0.8491620111731844
0.35479951397326853
0.542827657378741
0.13384912959381046
0.06000000000000001
0.04347826086956522
0.05381165919282511
0.0022172949002217295
0.4047619047619047
0.0
0.034782608695652174
0.0
0.002076843198338526
0.029197080291970802
0.042586750788643525
0.28134556574923547
0.023255813953488372
0.0
0.5447470817120622
0.048192771084337345
0.09986320109439124
0.06013579049466537
0.015037593984962407
0.0

 NTP 
0.012874453046112419
0.20154895814125026
0.1869158878504673
no_eval
0.009820341047503046
0.4604810996563574
0.5571030640668523
0.9847715736040609
no_eval
0.4012345679012346
0.027994011976047905
0.00855739263641646
no_eval
0.17176870748299322
0.24052287581699344
no_eval
no_eval
0.43021346469622335
0.0
no_eval
0.7462686567164178
0.21621621621621623
0.0
0.30275229357798167
0.10159924741298214
0.03661581137309293
0.0
0.32989690721649484
0.13204951856946354
0.0
0.11469534050179211
0.0
0.0
0.010642652476463366
0.0
0.0
0.0
0.08651399491094147
0.2126745435016112
0.16429699842022116

no_eval
0.362089914945322
0.11185682326621925
0.0
no_eval
0.00800854244527496
0.3329452852153667
no_eval
no_eval
0.024708956996911377
no_eval
0.03291223404255319
0.0
0.03304178814382896
no_eval
no_eval
no_eval
0.21827706635622818
no_eval
0.21037253469685901
no_eval
0.0657030223390276
0.0
0.18857142857142856
0.053169307756463724
0.0
0.0
0.0
0.0
0.1865284974093264
0.3002544529262086
0.0
0.15222623345367028
0.0
0.0
no_eval
0.41459854014598535
no_eval
0.0
0.0

no_eval
0.08852233676975944
0.0
no_eval
0.0
0.032910913561566106
0.09074410163339383
0.5846867749419954
no_eval
0.29698375870069604
no_eval
no_eval
0.013971431550411844
no_eval
0.0
0.021406727828746173
0.0
0.0
0.0
0.013576553099765146
0.47058823529411764
0.0
0.0
0.027105517909002903
no_eval
0.0
0.0
0.0
0.0
0.0
no_eval
0.0
0.0
0.19303399076793956
0.0
0.0
0.0
0.015016424213984043
0.07352565739086035
0.03424124513618677

 NEURAL_LP 
0.0
0.0
0.011235955056179775
0.008547008547008548
0.032407407407407406
0.4511784511784512
0.31649831649831656
0.9847715736040609
0.13833225597931478
0.4012345679012346
0.0861812778603269
0.13521126760563382
0.07430340557275542
0.02230483271375465
0.30662020905923343
0.03398058252427184
0.045410628019323676
0.5013477088948787
0.07407407407407407
0.06919275123558484
0.7812500000000001
0.0
0.045662100456621
0.5593220338983051
0.010318142734307825
0.0
0.04402054292002935
0.0
0.0
0.632258064516129
0.02894848871860366
0.034400382226469184
0.020202020202020204
0.24120603015075376
0.044884488448844885
0.4916666666666667
0.0
0.3036649214659686
0.376
0.15429122468659592

0.07699530516431925
0.27222222222222225
0.04456448345712356
0.13454545454545455
0.19658119658119655
0.13052631578947366
0.18809980806142035
0.019520130134200894
0.11589113257243196
0.07920792079207921
0.008415147265077139
0.12186379928315412
0.04018912529550827
0.06947227788911155
0.1313868613138686
0.20972644376899693
0.07269503546099292
0.054384772263766146
0.0865079365079365
0.18584070796460175
0.45021645021645024
0.16136919315403422
0.23880597014925375
0.26053639846743293
0.050753370340999214
0.6597938144329897
0.0564373897707231
0.019200000000000002
0.07692307692307693
0.5367965367965367
0.23824451410658304
0.11129296235679213
0.002364066193853428
0.044572250179726824
0.13352685050798258
0.036881810561609385
0.3171247357293869
0.005630278385986863
0.35587188612099646
0.782608695652174

0.09794628751974724
0.10199203187250998
0.15345911949685537
0.014154281670205238
0.1391304347826087
0.3146067415730337
0.16796267496111975
0.4360189573459715
0.02901554404145078
0.23529411764705882
0.09874999999999999
0.057761732851985555
0.0579345088161209
0.11992263056092843
0.12324929971988796
0.12121212121212122
0.28603351955307266
0.1738299904489016
0.006572769953051644
0.2197802197802198
0.3069306930693069
0.0
0.14659685863874344
0.04394046775336641
0.0121580547112462
0.3619047619047619
0.11469534050179211
0.12641083521444693
0.03400735294117647
0.0337620578778135
0.011415525114155249
0.0863070539419087
0.18652849740932642
0.30769230769230765
0.099609375
0.05778301886792452
0.037
0.016450216450216455
0.17245817245817247
0.1059190031152648

 AMIE 
0.020561752452627334
0.10145497443963822
0.7710843373493976
0.2565905096660808
0.4980694980694981
0.3316831683168317
0.970873786407767
0.03561593537727189
0.15670103092783505
0.9027777777777779
0.03415593705293275
0.7751196172248804
0.20102214650766612
0.9901960784313726
0.013071895424836602
0.2209398186314922
0.053675612602100346
0.03247799677699268
0.009073861230415583
0.0
0.9803921568627451
0.9923664122137404
0.5390070921985816
0.8095238095238095
0.08447204968944098
0.813953488372093
0.09263854425144748
0.5
0.8807339449541284
0.7418181818181818
0.03663003663003663
0.03717472118959108
0.824295010845987
0.7375886524822695
0.014425786092640594
0.4007707129094413
0.008500303582270795
0.4671532846715329
0.9646302250803859
0.20547945205479454

0.1661514683153014
0.3453070683661646
0.09607627429409607
0.014273842694432224
0.03566384180790961
0.014269406392694065
0.025798304167418365
0.11311747613117476
0.11449275362318842
0.030334190231362464
0.00832268422949638
0.45514950166112955
0.018659688246671975
0.0752278758509288
0.22615803814713895
0.6772151898734178
0.23098591549295774
0.08549247937894226
0.11430299364983368
0.01089839695536847
0.8494983277591973
0.7921568627450981
0.6115702479338843
0.9642857142857143
0.08881149325206793
0.724935732647815
0.15049226441631505
0.0573502722323049
0.7081081081081082
0.9458128078817734
0.2300469483568075
0.7831715210355987
0.08228123639529822
0.13935969868173256
0.19138755980861244
0.13466717968449404
0.7089108910891089
0.036294896030245744
0.34831460674157305
0.7134502923976608

0.016124904018428463
0.21484374999999997
0.09797841994294927
0.16405389373781884
0.008772382475875948
0.010412944719514063
0.34553440702781846
0.03654822335025381
0.0801611558766324
0.0578400361500226
0.04921006282694987
0.6048780487804878
0.016277280641373446
0.03764736963772663
0.015524475524475525
0.025644156795701555
0.014939530471899455
0.014759026997479425
0.11827376938637896
0.36302895322939865
0.9603960396039605
0.4157043879907621
0.15977443609022557
0.08590021691973969
0.6875000000000001
0.39541547277936967
0.6402266288951842
0.21801665404996212
0.0784313725490196
0.06293706293706293
0.049913483295620925
0.11420059582919562
0.3663793103448276
0.1186178442496132
0.0571569352057157
0.2964509394572025
0.12562814070351758
0.08424814909369416
0.4788732394366197
0.06059255959010916
