
 FOIL 
0.9947377298026648
0.9605968858131488
0.999391283175067
0.9839979208435434
0.9960067062947722
0.9984910215783914
0.998734693877551
0.9970138888888889
0.9167729591836735
0.9974851394604481
0.9716451215758695
0.9983663562743588
0.9928931888082654
0.9960802833530106
0.998766069788797
0.9936007805325987
0.9332535085765203
0.9975761772853186
0.997802734375
0.9412318638392857
0.9990421029182446
0.9993559254855331
0.9986255787037037
0.9969993141289437
0.9910787844549585
0.9991407231145483
0.9824520061582933
0.9980590138221743
0.9990204081632653
0.9977396121883656
0.990152470609432
0.9898945625441352
0.997130407057073
0.9990057625192761
0.9865288553512594
0.998484119696241
0.9880244974159325
0.9992225461613217
0.9988909180979985
0.9984113034072472

0.9518774830193515
0.9956268221574344
0.9662821395775941
0.99619708994709
0.9918505214057851
0.9930272108843538
0.9971544978335382
0.9594017094017094
0.9875439426717144
no_eval
no_eval
0.9410196940104166
0.996969696969697
0.9764424288233812
0.9928824253616497
0.9978569878472222
0.9784948979591837
0.95954166768464
0.9599876885195445
0.9838109341231089
0.9982214628817903
0.998414585810543
0.9992542202066012
0.9988014716812844
0.9877689060672329
0.9989574630121185
0.9914230713447516
0.9784895833333334
0.9989577697864621
0.9987594517958412
0.9989588048890901
0.9994025442596339
0.991898672098989
0.9918390353886873
0.9948992000864771
0.9942450092681554
0.9986701728024042
0.9839069629041857
0.9983268698060942
0.9985221533516988

0.998577734841471
0.9845978208620414
0.9872448979591837
0.7849189966848065
0.9996684011835527
0.9938188658962644
0.9953597859404901
0.9949617346938775
0.9832423633055636
0.9976822916666667
no_eval
no_eval
0.995751953125
0.9919582500419636
0.9829604578563996
0.9019390581717451
0.9986363636363637
0.991797454275828
0.9767380802352447
0.9596489331026529
0.9992828369140625
0.9982096354166666
0.9955681579500105
0.9904450484117547
0.9988430746448239
0.9987564878892734
0.9991662159725978
0.9962625
0.9921022353714661
0.9861540749553837
0.9875287639710717
0.9951001855674402
0.9986875
0.9960763574950101
0.9992561983471074
0.9993898294611963
0.9929209252286175
0.9873468961374735
0.9984837962962962
0.9951270517676768

 NTP 
0.20856805532130207
0.6254325259515571
0.9867604090577063
no_eval
0.20701112635269014
0.9881545193903727
0.9935102040816326
0.9995833333333334
no_eval
0.9889117512574302
0.5003847337642351
0.5619734416205746
no_eval
0.9540023612750885
0.9833275941230487
no_eval
no_eval
0.9914176889592402
0.9979654947916666
no_eval
0.9992425930051236
0.9971264367816092
0.9986255787037037
0.9934842249657064
0.9775204199326789
0.9540881750280917
0.9824205862946555
0.997451230271542
0.9871224489795918
0.9977396121883656
0.9902650781496329
0.9898702120924343
0.9971152240256289
0.901915428942456
0.9864358592836646
0.998484119696241
0.9880244974159325
0.990696469063816
0.9945802864388859
0.9910593564088697

no_eval
0.9846938775510204
0.8291150137741047
0.9959766313932981
no_eval
0.36802721088435375
0.9629438013322124
no_eval
no_eval
0.620065713360174
no_eval
0.8816324869791666
0.9971349862258954
0.9749307130259511
no_eval
no_eval
no_eval
0.9343773667880091
no_eval
0.9783678860161691
no_eval
0.9530321046373365
0.9992542202066012
0.9920841385461573
0.8845293190255811
0.9989574630121185
0.9914230713447516
0.978515625
0.9989577697864621
0.9953627126654064
0.9968877320054323
0.9993179986359972
0.946846235098838
0.9917410057837467
0.9947978596908442
no_eval
0.9969872276483847
no_eval
0.9982825484764543
0.9982495408631772

no_eval
0.8671887518025958
0.9841624149659864
no_eval
0.99783185389246
0.8037010020347832
0.9830310420159528
0.9885841836734693
no_eval
0.98421875
no_eval
no_eval
0.3073486328125
no_eval
0.9971123829344433
0.4090489381348107
0.9952272727272727
0.996246292634701
0.9661660715535951
0.44743007497116494
0.99945068359375
0.9981689453125
0.995442134005461
0.9893303040597927
no_eval
0.9987564878892734
0.999151192836969
0.9962625
0.9920940170940171
0.9859458655562165
no_eval
0.9941931986405621
0.998671875
0.967194936795237
0.999262555626192
0.9993782439446367
0.9925497579343733
0.9862957352902771
0.9789988425925926
0.9877584438131313

 NEURAL_LP 
0.9947377298026648
0.9440743944636678
0.9892865838811785
0.9827727036459494
0.987258039932937
0.9877018258638901
0.9917142857142858
0.9995833333333334
0.9149872448979592
0.9889117512574302
0.9763388734995383
0.9928353053746879
0.9732150855504793
0.9875796930342385
0.988578971533517
0.977157943067034
0.9449766094898641
0.9954244163039176
0.9830457899305556
0.9408830915178571
0.999376253063043
0.9983774276654777
0.9962203414351852
0.9977709190672154
0.9864534048913683
0.9986515962720602
0.9795299588399786
0.9954514263307519
0.9984795918367347
0.9987368421052631
0.9871571100400883
0.9835959123708411
0.9970544918998527
0.9969361253145037
0.9807763843128919
0.9982217557975134
0.9865977581980587
0.9982766439909297
0.9988465548219184
0.9851777988101676

0.9370114058695374
0.9923615160349855
0.9593950872359963
0.9868827160493827
0.9848805726081012
0.9859523809523809
0.9726443768996961
0.9504643326758712
0.9829806652244456
0.9784811883937249
0.9837695133149679
0.98504638671875
0.9776308539944903
0.9649029982363315
0.9771083410280086
0.9858940972222222
0.9733163265306123
0.9660159781095013
0.9454980230603499
0.9852717521812215
0.9982214628817903
0.9943354472189193
0.9984580498866213
0.9964137059610525
0.9847810608757565
0.999268005944679
0.989418931213164
0.9787152777777778
0.9984724564809216
0.9984197778827977
0.9972498868266184
0.9969394484243514
0.9840802776520295
0.9891432212528184
0.9919333045076208
0.9888490989023787
0.9975732531930879
0.9802928486411426
0.997994459833795
0.9992825987144169

0.9923385527781132
0.9774274955936548
0.9761550453514739
0.95643335209858
0.9848484848484849
0.990632318501171
0.9909397280224898
0.9848214285714286
0.9700916084139296
0.9895052083333333
0.9741646510794589
0.9870561396548304
0.98173828125
0.9861138662963698
0.9837148803329865
0.980363188673438
0.9838636363636364
0.9866380375679684
0.962962962962963
0.9910431084198386
0.998931884765625
0.9966328938802084
0.9897290485192186
0.9856781892305079
0.9924799851913555
0.9987925317185697
0.9962892854996694
0.9951625
0.9913625904010519
0.982123735871505
0.9822074293228139
0.9885219240633014
0.992640625
0.9897132329108309
0.9941385886840433
0.993828781512605
0.9896395911780527
0.985166227050743
0.9962789351851852
0.9886758207070707

 AMIE 
0.5083150615618148
0.5058391003460208
0.9988434380326272
0.9842949431944754
0.9920743789056546
0.9796287913082843
0.9997551020408163
0.27041666666666664
0.9217474489795918
0.9991998171010517
0.5844105878731918
0.9989031249270695
0.9859954014751112
0.9999055489964581
0.6013544536271809
0.9728822314049587
0.9548340387614168
0.8069598337950139
0.5556369357638888
0.9413016183035714
0.9999554466473602
0.9999876139516448
0.9976490162037037
0.9986282578875172
0.9913259421415626
0.9995769713794699
0.9827662047946711
0.9960788158023723
0.999734693877551
0.9984265927977839
0.9896344759245079
0.9894887216824538
0.9987701744530313
0.9992492492492493
0.8838213412689978
0.9954669348608742
0.9876071003043204
0.9971622934888241
0.9999186673271866
0.9901974040021634

0.8617198513392286
0.9835276967930029
0.929264233241506
0.44430665784832446
0.5607323807736644
0.6475510204081633
0.3015585591411757
0.4732495069033531
0.9793469442942131
0.6508862048220649
0.3052112029384757
0.9933268229166666
0.762396694214876
0.3941798941798942
0.956294244382887
0.9972330729166666
0.9094642857142857
0.539517724951748
0.37587896867675263
0.3134955575122068
0.9993698096825241
0.9991247192495706
0.9990526581002771
0.9999070908280066
0.9733891064435742
0.9992088549099056
0.9920361800034281
0.9774565972222222
0.9991407567705184
0.9998375472589792
0.9925758261656858
0.9996223628810894
0.9602384185906141
0.9888001176355259
0.9942911577126797
0.9781737366679283
0.9988955672426747
0.9841983237452886
0.9935734072022161
0.9985938934802571

0.7936910464382991
0.9516904342252844
0.7423115079365079
0.6914680678050916
0.5100244872972146
0.25569163435328446
0.9924300157496316
0.5763392857142857
0.5773245236043283
0.89140625
0.3519842336289528
0.9973219599285856
0.4068603515625
0.555323272244518
0.6337669094693028
0.508833487226839
0.3706060606060606
0.49884144834404354
0.5422530280753344
0.9896914648212226
0.99993896484375
0.9948527018229166
0.9812224322621298
0.9776307966706302
0.9986116895737887
0.9961973760092272
0.9990460308875668
0.9870875
0.9918885601577909
0.9800713860797144
0.8533448389217619
0.9814015554304539
0.99540625
0.941691260512803
0.9756706929434202
0.9986985603064755
0.9925121032813341
0.9765806586404115
0.9985011574074074
0.9584023832070707
