
 FOIL 
0.006369426751592355
0.17556561085972855
0.696969696969697
0.12040816326530612
0.007575757575757569
0.7222222222222222
0.7019230769230769
0.7828282828282829
0.0
0.34328358208955223
0.08787128712871284
0.18604651162790697
0.6393939393939394
0.19417475728155342
0.5700000000000001
0.5193965517241379
0.01479654747225645
0.26315789473684215
0.32499999999999996
0.0
0.14
0.19999999999999996
0.0
0.0
0.006553079947575369
0.0714285714285714
0.0017873100983020196
0.01980198019801982
0.0
0.0
0.0
0.0024038461538461453
0.0052631578947368585
0.05769230769230771
0.007827788649706457
0.0
0.0
0.3877551020408163
0.0
0.839041095890411

0.006613756613756627
0.013157894736842146
0.004237288135593209
0.06756756756756754
0.0
0.25992779783393505
0.7541899441340782
0.02032721864154685
0.13396004700352526
no_eval
no_eval
0.04038397881496192
0.0
0.0449438202247191
0.0
0.27522935779816515
0.3293556085918854
0.18222222222222217
0.04895891952729314
0.07648401826484019
0.0
0.04950495049504955
0.013333333333333308
0.0444444444444444
0.0
0.0
0.0
0.0
0.0
0.1515151515151515
0.0980392156862745
0.1311475409836066
0.36133828996282524
0.011869436201780381
0.01948051948051943
0.0
0.011173184357541888
0.0003850596842510656
0.02580645161290318
0.15573770491803274

0.23188405797101452
0.16139585605234463
0.22912205567451815
0.08489687292082504
0.8488372093023255
0.3291666666666667
0.21489971346704873
0.3969465648854962
0.4456177402323126
0.40268456375838924
no_eval
no_eval
0.1428571428571429
0.08981001727115712
0.13702239789196313
0.03513022410660205
0.7378640776699029
0.2156573116691285
0.3725212464589235
0.07172470978441126
0.030927835051546393
0.022222222222222254
0.027649769585253448
0.0011098779134295356
0.25373134328358204
0.0
0.017699115044247815
0.0
0.0010395010395010118
0.014814814814814836
0.021756647864625278
0.1637010676156584
0.0117647058823529
0.0
0.3743315508021391
0.024691358024691357
0.05255579553635714
0.031000000000000028
0.007575757575757569
0.0

 NTP 
0.006478932881643029
0.11206808161591308
0.1030927835051546
no_eval
0.004934399265577816
0.2991071428571429
0.3861003861003861
0.97
no_eval
0.250965250965251
0.01419570333257425
0.004297082228116755
no_eval
0.09395348837209305
0.1367013372956909
no_eval
no_eval
0.2740585774058577
0.0
no_eval
0.5952380952380952
0.12121212121212122
0.0
0.17837837837837833
0.05351833498513381
0.018649335970613135
0.0
0.19753086419753085
0.07069219440353458
0.0
0.06083650190114065
0.0
0.0
0.005349794238683092
0.0
0.0
0.0
0.04521276595744683
0.11899038461538458
0.0895008605851979

no_eval
0.22106824925816027
0.05924170616113744
0.0
no_eval
0.004020369874028429
0.19972067039106145
no_eval
no_eval
0.012509020928554215
no_eval
0.016731451749197213
0.0
0.01679841897233203
no_eval
no_eval
no_eval
0.12250898399215937
no_eval
0.11755102040816323
no_eval
0.03396739130434778
0.0
0.10410094637223977
0.027310699368105373
0.0
0.0
0.0
0.0
0.10285714285714287
0.17664670658682635
0.0
0.08238358840768478
0.0
0.0
no_eval
0.26151012891344383
no_eval
0.0
0.0

no_eval
0.04631094491586363
0.0
no_eval
0.0
0.016730769230769216
0.04752851711026618
0.4131147540983606
no_eval
0.17438692098092645
no_eval
no_eval
0.0070348593028138895
no_eval
0.0
0.010819165378670781
0.0
0.0
0.0
0.006834672194869107
0.3076923076923077
0.0
0.0
0.013738959764474923
no_eval
0.0
0.0
0.0
0.0
0.0
no_eval
0.0
0.0
0.10682768230376216
0.0
0.0
0.0
0.00756501182033098
0.03816591571693617
0.017418844022169422

 NEURAL_LP 
0.0
0.0
0.005649717514124242
0.0042918454935622075
0.016470588235294126
0.29130434782608694
0.18799999999999994
0.97
0.07430555555555551
0.250965250965251
0.045031055900621064
0.07250755287009059
0.03858520900321538
0.011278195488721776
0.18106995884773658
0.01728395061728394
0.023232822540781073
0.33453237410071945
0.038461538461538436
0.03583617747440271
0.641025641025641
0.0
0.02336448598130836
0.388235294117647
0.0051858254105444646
0.0
0.022505626406601698
0.0
0.0
0.46226415094339623
0.014686825053995656
0.01750121536217797
0.010204081632653073
0.13714285714285712
0.022957461174881844
0.3259668508287292
0.0
0.17901234567901236
0.23152709359605916
0.08359456635318707

0.0400390625
0.157556270096463
0.022790055248618768
0.0721247563352827
0.1090047393364929
0.06981981981981977
0.10381355932203384
0.009856262833675578
0.0615097856477167
0.04123711340206182
0.004225352112676051
0.06488549618320616
0.020506634499396825
0.03598615916955017
0.0703125
0.11714770797962648
0.03771849126034954
0.02795248078266943
0.04520945665698883
0.10243902439024388
0.2905027932960894
0.08776595744680848
0.13559322033898302
0.14977973568281944
0.026037428803905582
0.49230769230769234
0.029038112522686066
0.009693053311793265
0.040000000000000036
0.3668639053254438
0.13523131672597866
0.05892547660311953
0.0011834319526626835
0.022794117647058854
0.07153965785381022
0.018787361229718136
0.18844221105527637
0.0028230865746549094
0.21645021645021645
0.6428571428571428

0.05149501661129563
0.053736356003358576
0.0831062670299727
0.0071275837491090455
0.07476635514018692
0.18666666666666665
0.09168081494057723
0.2787878787878788
0.014721345951629883
0.1333333333333333
0.051939513477974986
0.029739776951672847
0.02983138780804151
0.06378600823045266
0.06567164179104479
0.06451612903225812
0.16688396349413304
0.09518828451882844
0.0032972209138012465
0.12345679012345678
0.18128654970760238
0.0
0.07909604519774016
0.022463768115942084
0.006116207951070374
0.22093023255813948
0.06083650190114065
0.06746987951807226
0.01729780271154746
0.017170891251022113
0.00574052812858783
0.04509973980919346
0.10285714285714287
0.18181818181818177
0.05241521068859201
0.029751062537947792
0.01884870096790625
0.008293321693583544
0.09436619718309858
0.05592105263157898

 AMIE 
0.01038767058184531
0.05343827671913837
0.6274509803921569
0.14717741935483875
0.3316195372750642
0.19881305637982194
0.9433962264150944
0.018130841121495322
0.08501118568232657
0.8227848101265822
0.017374692986445894
0.6328125
0.1117424242424242
0.9805825242718447
0.006578947368421018
0.12418906394810014
0.027577937649880147
0.016507056451612878
0.004557608167233829
0.0
0.9615384615384616
0.9848484848484849
0.3689320388349514
0.6799999999999999
0.04409857328145261
0.6862745098039216
0.04856895056374677
0.33333333333333337
0.7868852459016393
0.5895953757225434
0.018656716417910446
0.018939393939393923
0.7011070110701108
0.5842696629213483
0.007265296855488712
0.2506024096385542
0.004268292682926833
0.3047619047619048
0.9316770186335404
0.1145038167938931

0.09060261272650649
0.20868347338935578
0.050462249614791954
0.007188223130323523
0.018155671400323592
0.0071859729807416395
0.013067714520698215
0.059949400505994954
0.06072252113758647
0.015400678673975432
0.004178731245064515
0.29462365591397854
0.00941770988859536
0.03908404268073373
0.12749615975422424
0.5119617224880383
0.13057324840764328
0.0446550762836434
0.06061577934573448
0.00547905493549794
0.7383720930232558
0.6558441558441559
0.44047619047619047
0.9310344827586207
0.04646924829157173
0.5685483870967742
0.08136882129277567
0.029521674140508214
0.5481171548117154
0.897196261682243
0.12997347480106103
0.6436170212765957
0.04290578887627694
0.0748987854251012
0.10582010582010581
0.07219471947194722
0.5490797546012269
0.018482864844050817
0.2108843537414966
0.5545454545454546

0.008127983486001855
0.12035010940919033
0.05151278038601981
0.08935659558755649
0.004405514667772392
0.005233721586536011
0.20884955752212386
0.018614270941054833
0.041754106664737
0.029781293624941862
0.025225710820644065
0.43356643356643354
0.008205421293272397
0.019184813705361625
0.007822961449009846
0.012988619495299392
0.007525982558834077
0.0074343755736401285
0.06285386655199598
0.22176870748299315
0.9238095238095239
0.26239067055393583
0.08682328907048009
0.044877606527651825
0.5238095238095238
0.24642857142857144
0.4708333333333333
0.12234494477485136
0.04081632653061229
0.032490974729241895
0.025595522489932465
0.06055818852027384
0.22427440633245388
0.0630482456140351
0.029419223941161587
0.1740196078431373
0.06702412868632712
0.04397654584221744
0.31481481481481477
0.031242821042958835
