
 FOIL 
0.01754385964912286
0.3934681181959565
0.5
0.21021021021021025
0.02190265486725662
0.2918454935622318
0.313930148534725
no_eval
0.17827298050139273
no_eval
0.016908212560386437
0.6781609195402298
0.03960396039603964
0.0
0.14893617021276595
0.029017857142857095
0.0
no_eval
0.11904761904761907
0.021276595744680882
0.06862745098039214
0.07407407407407407
0.015873015873015928
0.014925373134328401

no_eval
0.7123287671232876
0.10414657666345228
0.9181818181818182
0.8722860791826309
no_eval
0.45014662756598245
0.0
0.5297619047619048
0.04761904761904767
0.3254670599803343
0.7320185614849188
0.0014705882352941124
0.025316455696202556
0.020618556701030966
0.0023640661938534313
0.0
0.05600000000000005
0.0417014178482068
0.015544041450777257
0.0381526104417671
0.07567567567567568
0.06756756756756754
0.06299212598425197

 NTP 
no_eval
no_eval
no_eval
0.0
0.005126228560416224
0.04382125162345474
no_eval
no_eval
0.030397236614853163
no_eval
0.01813471502590669
0.12569316081330872
0.05425935973955509
0.20234604105571852
0.0
0.017372421281216077
0.0738255033557047
no_eval
0.2562277580071174
0.0
no_eval
0.0
no_eval
no_eval

no_eval
0.15560640732265452
no_eval
0.2119341563786008
0.05969278631149133
no_eval
0.15440238196512124
0.14647713226205195
0.004920628128877724
0.14868105515587526
no_eval
no_eval
0.0
no_eval
0.0
no_eval
0.0
0.0
no_eval
no_eval
0.0
0.0
0.019908116385911168
no_eval

 NEURAL_LP 
0.020000000000000018
0.007585335018963302
0.0
0.04636785162287482
0.030158730158730163
0.02887139107611547
0.005301022340022721
0.05662650602409636
0.06666666666666665
0.0461538461538461
0.06448202959830862
0.1496598639455783
0.0
0.22857142857142854
0.13149847094801226
0.007343124165554049
0.06467661691542292
0.06472491909385114
0.148989898989899
0.0
0.042654028436018954
0.17406962785114044
0.020576131687242816
0.048661800486618056

0.0038461538461538325
0.202247191011236
0.044428259286234506
0.20858895705521474
0.07149576669802449
0.04513888888888884
0.0366116295764537
0.022130725681935193
0.10538922155688624
0.08750000000000002
0.021329987452948562
0.05175600739371533
0.038461538461538436
0.0
0.4744525547445255
0.0004137360364088183
0.0
0.021364009860312283
0.04231884057971014
0.02070063694267521
0.032303370786516905
0.020460358056266004
0.054263565891472854
0.2622950819672131

 AMIE 
0.03457857363383765
0.07983262225139487
0.0892687559354226
0.40990990990990994
0.022966672422724876
0.07234432234432231
0.10094621994786135
0.010288767621646211
0.008746884205755756
0.009170039760719284
0.02379674360350692
0.10310841546626237
0.7246376811594203
0.36633663366336633
0.5596707818930041
0.03825136612021862
0.6420664206642066
0.004236749565733167
0.4441489361702128
0.10303587856485741
0.26631853785900783
0.49027237354085607
0.020322580645161237
0.11733800350262702

no_eval
0.9251700680272109
0.2906944053978071
0.2389791183294664
0.04794082082651685
0.0032001003953064933
no_eval
0.1787186806216302
0.004946874865574102
0.03209109730848858
0.03653561500415181
0.03702568816710072
0.07549857549857553
0.9875
0.5300546448087431
0.01513002364066196
0.45238095238095233
0.07299270072992703
0.07608695652173914
0.06565307532826536
0.05455635491606714
0.07653061224489799
0.015879317189360864
0.6902173913043479
