
 FOIL 
0.04424778761061943
0.0
0.28057553956834536
0.3441558441558441
0.01470180305131763
0.003278688524590123
0.02041763341067282
no_eval
0.12
no_eval
0.1849030470914127
0.651685393258427
0.0
0.018018018018018056
0.03676470588235292
0.034521158129176
0.0
0.18831168831168832
0.029940119760479056
0.015473887814313358
0.019607843137254943
0.04485488126649073
0.0
0.05970149253731338

0.1633663366336634
0.027032399125422435
0.0
0.5648148148148149
0.2929184549356223
0.061172472387425625
no_eval
0.0
no_eval
no_eval
0.08117154811715477
0.030219780219780223
0.0
0.06329113924050633
0.020618556701030966
0.0018930430667297715
0.0
0.04159999999999997
0.0417014178482068
0.03624260355029585
0.004073319755600768
0.010840108401083959
no_eval
0.015748031496062964

 NTP 
0.020322990382870665
no_eval
no_eval
0.0
0.005126228560416224
0.0825360109347072
no_eval
0.012479614266468153
0.01099429670858243
0.007891729752892429
0.024498886414253906
0.12569316081330872
0.05611222444889774
0.15971223021582737
0.0
0.0
0.03887399463806973
no_eval
0.2233502538071066
0.0
0.18000000000000005
0.0
no_eval
no_eval

0.009521564930473736
0.15560640732265452
0.0
0.21106557377049184
no_eval
no_eval
0.15351736420302764
0.10723684210526319
no_eval
0.18063314711359402
0.05772344559585496
no_eval
0.0
no_eval
0.0
no_eval
0.0
0.0
no_eval
no_eval
0.0
0.0
0.0723140495867769
no_eval

 NEURAL_LP 
0.02264150943396226
0.022975301550832827
0.04036557501904037
0.06263048016701467
0.026425591098748313
0.005747126436781658
0.009497427779976308
0.062416998671978696
0.013513513513513487
0.042713567839196
0.0658949243098842
0.08490566037735847
0.09482758620689657
0.33333333333333337
0.0
0.006909547738693456
0.024390243902439046
0.05882352941176472
0.2382671480144405
0.0
0.03383458646616544
0.22834645669291342
0.0066225165562914245
0.05811623246492981

0.0024752475247524774
0.25284090909090906
0.02761506276150627
0.21106557377049184
0.06371490280777536
0.04513888888888884
0.0560292326431181
0.020692974013474474
0.10538922155688624
0.06705539358600587
0.021170610211706076
0.05588673621460505
0.033604887983706755
0.0
0.3928571428571429
0.0004446420631392112
0.0
0.0214861235452104
0.04231884057971014
0.01846590909090906
0.027137042062415184
0.009070294784580546
0.03423423423423422
0.06388888888888888

 AMIE 
0.013232514177693777
0.07976366322008865
0.09056603773584904
0.40990990990990994
0.022966672422724876
0.07851690294438385
0.09550928951545146
0.010135513495352244
0.008559517473833544
0.006464646464646506
0.021578065004596803
0.015163340394692804
0.7246376811594203
0.36633663366336633
0.5964912280701755
0.04148471615720528
0.7945205479452055
0.10989010989010994
0.4441489361702128
0.05189990732159411
0.4657534246575342
0.46898263027295284
0.020322580645161237
0.11822222222222223

0.009521564930473736
0.9251700680272109
0.04715248009797923
0.2389791183294664
0.04775460821293853
0.0032001003953064933
0.07727238889302468
0.08935372710235168
0.0040891796749991105
0.008128482464765607
0.03653561500415181
0.09137055837563457
0.07549857549857553
0.9875
0.6879432624113475
0.01513002364066196
0.5170068027210885
0.07299270072992703
0.07350216182828906
0.05111591072714183
0.05455635491606714
0.09316770186335399
0.005435151844554675
0.6902173913043479
