
 FOIL 
0.2
0.941747572815534
0.9583333333333334
0.12394957983193278
0.25
0.9122807017543859
0.948051948051948
0.9748427672955975
0.0
0.92
0.10319767441860465
0.7619047619047619
0.7535714285714286
0.9090909090909091
0.8769230769230769
0.8607142857142858
0.04004449388209121
0.9459459459459459
0.4642857142857143
0.0
1.0
1.0
0.0
0.0
1.0
1.0
1.0
0.6666666666666666
0.0
0.0
0.0
1.0
1.0
1.0
0.8888888888888888
0.0
0.0
0.95
0.0
0.9939148073022313

0.4166666666666667
0.4
0.7142857142857143
0.8333333333333334
0.0
0.26277372262773724
0.7894736842105263
0.9111111111111111
0.9193548387096774
no_eval
no_eval
0.04058549567531603
0.0
1.0
0.0
0.9375
0.3950381679389313
0.2546583850931677
0.9456521739130435
0.08885941644562334
0.0
1.0
0.5
1.0
0.0
0.0
0.0
0.0
0.0
0.8333333333333334
0.7142857142857143
0.9411764705882353
0.81
1.0
1.0
0.0
1.0
1.0
1.0
1.0

0.7272727272727273
0.9192546583850931
0.84251968503937
0.09293517844136927
0.9864864864864865
0.3640552995391705
0.24509803921568626
0.9122807017543859
0.5672043010752689
0.7407407407407407
no_eval
no_eval
0.9354838709677419
0.8524590163934426
0.13829787234042554
0.03615960099750624
0.8994082840236687
0.2517241379310345
0.8100616016427105
0.07296499367355547
1.0
1.0
1.0
1.0
0.9444444444444444
0.0
1.0
0.0
1.0
1.0
0.9310344827586207
0.9484536082474226
1.0
0.0
0.49645390070921985
0.8
0.948051948051948
0.8857142857142857
0.6666666666666666
0.0

 NTP 
0.006478932881643023
0.11206808161591306
0.10615711252653928
no_eval
0.004934399265577784
0.29910714285714285
0.3861003861003861
0.97
no_eval
0.25096525096525096
0.014200015187182018
0.004297082228116711
no_eval
0.09395348837209302
0.13670133729569092
no_eval
no_eval
0.27405857740585776
0.0
no_eval
0.5952380952380952
0.13852813852813853
0.0
0.22
0.07923697725605282
0.01867043847241867
0.0
0.3404255319148936
0.07069219440353461
0.0
0.5490196078431373
0.0
0.0
0.005378568473314025
0.0
0.0
0.0
0.04927536231884058
0.1267605633802817
1.0

no_eval
0.22106824925816024
0.06784874253663832
0.0
no_eval
0.004020369874028411
0.19972067039106145
no_eval
no_eval
0.01253012048192771
no_eval
0.016839598571185575
0.0
0.34
no_eval
no_eval
no_eval
0.15054195102368526
no_eval
0.12203389830508475
no_eval
0.03397893306150187
0.0
0.10819672131147541
0.02954808806488992
0.0
0.0
0.0
0.0
0.12413793103448276
0.2
0.0
0.093409636330072
0.0
0.0
no_eval
0.28063241106719367
no_eval
0.0
0.0

no_eval
0.05054151624548736
0.0
no_eval
0.0
0.01677917068466731
0.0508130081300813
0.4131147540983607
no_eval
0.17438692098092642
no_eval
no_eval
0.007034859302813944
no_eval
0.0
0.010819165378670788
0.0
0.0
0.0
0.006835336421652791
0.8205128205128205
0.0
0.0
0.10606060606060606
no_eval
0.0
0.0
0.0
0.0
0.0
no_eval
0.0
0.0
0.10682768230376219
0.0
0.0
0.0
0.11510791366906475
0.03940886699507389
0.027777777777777776

 NEURAL_LP 
0.0
0.0
0.00684931506849315
0.005063291139240506
0.0231023102310231
0.29130434782608694
0.23857868020304568
0.97
0.44214876033057854
0.25096525096525096
0.06016597510373444
0.08759124087591241
0.08053691275167785
0.017857142857142856
0.1825726141078838
0.03508771929824561
0.094
0.3875
0.041666666666666664
0.45652173913043476
0.6410256410256411
0.0
0.03496503496503497
0.66
0.015
0.0
0.12295081967213115
0.0
0.0
0.9245283018867925
0.056666666666666664
0.04260355029585799
0.25
0.16326530612244897
0.06882591093117409
0.4338235294117647
0.0
0.30526315789473685
0.47
0.17543859649122806

0.12974683544303797
0.23222748815165878
0.10891089108910891
0.09158415841584158
0.17293233082706766
0.0775
0.12962962962962962
0.053811659192825115
0.2214765100671141
0.05167958656330749
0.005119453924914676
0.07285714285714286
0.022911051212938006
0.10038610038610038
0.08670520231213873
0.12522686025408347
0.08118811881188119
0.07604562737642585
0.14572192513368984
0.11748251748251748
0.5
0.10714285714285714
0.1889763779527559
0.17571059431524547
0.10702341137123746
0.64
0.12
0.96
0.1038961038961039
0.45925925925925926
0.17194570135746606
0.06938775510204082
0.004338394793926247
0.08157894736842106
0.1513157894736842
0.03666666666666667
0.25510204081632654
0.015
0.3968253968253968
0.8333333333333334

0.0611439842209073
0.18233618233618235
0.1752873563218391
0.08
0.07933884297520662
0.2204724409448819
0.10285714285714286
0.3108108108108108
0.041176470588235294
0.15538847117794485
0.11897590361445783
0.033946251768033946
0.0387858347386172
0.1336206896551724
0.07296849087893864
0.08527131782945736
0.1813031161473088
0.11318407960199005
0.03553299492385787
0.16548463356973994
0.29523809523809524
0.0
0.11797752808988764
0.060784313725490195
0.0076045627376425855
0.5277777777777778
0.07191011235955057
0.19444444444444445
0.14682539682539683
0.07023411371237458
0.01949317738791423
0.08024691358024691
0.10931174089068826
0.20904836193447737
0.05616740088105727
0.031921824104234525
0.06016260162601626
0.059748427672955975
0.1303501945525292
0.08596713021491782

 AMIE 
0.01038767058184534
0.0554981930820857
0.6274509803921569
0.14717741935483872
0.33161953727506427
0.19881305637982197
0.9433962264150944
0.018130841121495326
0.76
0.8227848101265823
0.01737469298644592
0.6328125
0.9076923076923077
0.9805825242718447
0.006578947368421052
0.1700507614213198
0.3194444444444444
0.016507056451612902
0.004557608167233836
0.0
0.9615384615384616
0.9848484848484849
0.36893203883495146
0.68
0.8095238095238095
0.6862745098039216
0.6222222222222222
0.3333333333333333
0.7868852459016393
0.5895953757225434
0.21604938271604937
0.25773195876288657
0.7011070110701108
0.5842696629213483
0.00815078960774325
0.25060240963855424
0.10144927536231885
0.3047619047619048
0.9316770186335404
0.5033557046979866

0.11691136487221315
0.20868347338935575
0.08457069076823757
0.00718822313032347
0.018155671400323568
0.007185972980741593
0.013067714520698163
0.06079196876742889
0.14656771799628943
0.015400678673975463
0.004178731245064491
0.2946236559139785
0.009441565918249855
0.03908560466789225
0.12749615975422426
0.5119617224880383
0.13351703406813628
0.044800406814136794
0.06076953306419921
0.0054790549354978985
0.7383720930232558
0.6558441558441559
0.44047619047619047
0.9310344827586207
0.07640449438202247
0.5685483870967742
0.8842975206611571
0.28214285714285714
0.5481171548117155
0.897196261682243
0.129973474801061
0.6436170212765957
0.056199821587867974
0.19072164948453607
0.36363636363636365
0.0872382851445663
0.549079754601227
1.0
0.2108843537414966
0.5545454545454546

0.008127983486001807
0.1522140221402214
0.05186449579831933
0.09207647674307999
0.0044055146677723644
0.0052337215865359945
0.2088495575221239
0.01861427094105481
0.04189964417979813
0.029781293624941835
0.025225710820644117
0.43356643356643354
0.00820542129327237
0.01918481370536165
0.007822961449009796
0.012988619495299357
0.00752598255883407
0.00743437557364009
0.06325963861939625
0.23830409356725146
0.9238095238095239
0.26239067055393583
0.10035419126328217
0.07051282051282051
0.5238095238095238
0.24642857142857144
0.4708333333333333
0.14090019569471623
0.3853211009174312
0.09278350515463918
0.027199535794589107
0.0789293067947838
0.22427440633245382
0.06304824561403509
0.029419223941161553
0.22327044025157233
0.4830917874396135
0.08571428571428572
0.5085470085470085
0.03403403403403404
