
 FOIL 
0.006535947712418301
0.17749313815187556
0.71875
0.8082191780821918
0.007751937984496124
0.7761194029850746
0.73
0.7989690721649485
0.0
0.35384615384615387
0.3717277486910995
0.19753086419753085
0.8084291187739464
0.19801980198019803
0.6195652173913043
0.5670588235294117
0.022929936305732482
0.26717557251908397
0.52
0.0
0.14
0.2
0.0
0.0
0.00655307994757536
0.07142857142857142
0.0017873100983020554
0.02
0.0
0.0
0.0
0.002403846153846154
0.005263157894736842
0.057692307692307696
0.007835455435847209
0.0
0.0
0.3958333333333333
0.0
0.8433734939759037

0.006675567423230975
0.013422818791946308
0.004244482173174873
0.0684931506849315
0.0
0.96
0.9440559440559441
0.02036761053154496
0.13555291319857313
no_eval
no_eval
0.8905109489051095
0.0
0.0449438202247191
0.0
0.2803738317757009
0.6645264847512039
0.3904761904761905
0.04909706546275395
0.3544973544973545
0.0
0.04950495049504951
0.013513513513513514
0.044444444444444446
0.0
0.0
0.0
0.0
0.0
0.15625
0.10204081632653061
0.1322314049586777
0.39480097481722176
0.011869436201780416
0.01948051948051948
0.0
0.0111731843575419
0.0003850596842510589
0.025806451612903226
0.1557377049180328

0.25396825396825395
0.16371681415929204
0.23937360178970918
0.4953416149068323
0.8588235294117647
0.7745098039215687
0.635593220338983
0.4126984126984127
0.6752
0.46875
no_eval
no_eval
0.14427860696517414
0.0912280701754386
0.9369369369369369
0.5523809523809524
0.8042328042328042
0.6008230452674898
0.4081738230729436
0.8084112149532711
0.030927835051546393
0.022222222222222223
0.027649769585253458
0.0011098779134295228
0.25757575757575757
0.0
0.017699115044247787
0.0
0.0010395010395010396
0.014814814814814815
0.021791767554479417
0.1651705565529623
0.011764705882352941
0.0
0.603448275862069
0.024844720496894408
0.05270758122743682
0.03112449799196787
0.0076045627376425855
0.0

 NTP 
1.0
1.0
0.78125
no_eval
1.0
1.0
1.0
1.0
no_eval
1.0
0.9790575916230366
1.0
no_eval
1.0
1.0
no_eval
no_eval
1.0
0.0
no_eval
1.0
0.49230769230769234
0.0
0.4852941176470588
0.14154652686762778
0.9428571428571428
0.0
0.32
1.0
0.0
0.06403659233847914
0.0
0.0
0.5
0.0
0.0
0.0
0.3541666666666667
0.66
0.08950086058519793

no_eval
1.0
0.31833616298811546
0.0
no_eval
1.0
1.0
no_eval
no_eval
0.8813559322033898
no_eval
0.7226277372262774
0.0
0.017364657814096015
no_eval
no_eval
no_eval
0.3968253968253968
no_eval
0.7619047619047619
no_eval
0.9900990099009901
0.0
0.7333333333333333
0.26507276507276506
0.0
0.0
0.0
0.0
0.375
0.6020408163265306
0.0
0.4110479285134037
0.0
0.0
no_eval
0.7932960893854749
no_eval
0.0
0.0

no_eval
0.3561946902654867
0.0
no_eval
0.0
0.8529411764705882
0.423728813559322
1.0
no_eval
1.0
no_eval
no_eval
1.0
no_eval
0.0
1.0
0.0
0.0
0.0
0.985981308411215
0.32989690721649484
0.0
0.0
0.01553829078801332
no_eval
0.0
0.0
0.0
0.0
0.0
no_eval
0.0
0.0
1.0
0.0
0.0
0.0
0.008032128514056224
0.5475285171102662
0.04462474645030426

 NEURAL_LP 
0.0
0.0
0.03125
0.0273972602739726
0.05426356589147287
1.0
0.47
1.0
0.08199233716475096
1.0
0.1518324607329843
0.2962962962962963
0.06896551724137931
0.0297029702970297
0.9565217391304348
0.03294117647058824
0.029936305732484077
0.7099236641221374
0.3333333333333333
0.0374331550802139
1.0
0.0
0.06578947368421052
0.4852941176470588
0.007863695937090432
0.0
0.02680965147453083
0.0
0.0
0.4803921568627451
0.019439679817038306
0.028846153846153848
0.010526315789473684
0.46153846153846156
0.03330068560235064
0.5673076923076923
0.0
0.3020833333333333
0.31333333333333335
0.13769363166953527

0.05473965287049399
0.3288590604026846
0.02801358234295416
0.2534246575342466
0.22772277227722773
0.41333333333333333
0.34265734265734266
0.011922503725782414
0.07847800237812129
0.1694915254237288
0.023622047244094488
0.3722627737226277
0.16346153846153846
0.05311542390194075
0.2710843373493976
0.6448598130841121
0.06581059390048154
0.042328042328042326
0.061512415349887134
0.4444444444444444
0.4094488188976378
0.32673267326732675
0.32432432432432434
0.5037037037037037
0.033264033264033266
0.6808510638297872
0.03689469638739431
0.009696969696969697
0.061068702290076333
0.6458333333333334
0.3877551020408163
0.2809917355371901
0.0016246953696181965
0.03066271018793274
0.11948051948051948
0.03709949409780776
0.41899441340782123
0.0034655371582595304
0.3225806451612903
0.7377049180327869

0.24603174603174602
0.07079646017699115
0.13646532438478748
0.007763975155279503
0.5647058823529412
0.5490196078431373
0.4576271186440678
0.7301587301587301
0.0224
0.484375
0.08440170940170941
0.1935483870967742
0.11442786069651742
0.10877192982456141
0.3963963963963964
0.20952380952380953
0.6772486772486772
0.37448559670781895
0.0036213140196585617
0.32710280373831774
0.31958762886597936
0.0
0.1935483870967742
0.03440621531631521
0.030303030303030304
0.2753623188405797
0.2831858407079646
0.09364548494983277
0.019230769230769232
0.022222222222222223
0.008071025020177562
0.0933572710951526
0.6352941176470588
0.5826086956521739
0.4396551724137931
0.30434782608695654
0.026714801444043323
0.009538152610441768
0.25475285171102663
0.13793103448275862

 AMIE 
1.0
0.5901189387008234
1.0
1.0
1.0
1.0
1.0
1.0
0.08735632183908046
1.0
1.0
1.0
0.11302681992337164
1.0
1.0
0.31529411764705884
0.02929936305732484
1.0
1.0
0.0
1.0
1.0
1.0
1.0
0.04456094364351245
1.0
0.050044682752457555
1.0
1.0
1.0
0.020011435105774727
0.020032051282051284
1.0
1.0
0.06268364348677767
1.0
0.004435994930291508
1.0
1.0
0.12908777969018934

0.2870493991989319
1.0
0.11120543293718166
1.0
1.0
1.0
1.0
0.812220566318927
0.093935790725327
1.0
1.0
1.0
0.7884615384615384
0.9989785495403473
1.0
1.0
0.85553772070626
0.9322751322751323
0.9599322799097065
1.0
1.0
1.0
1.0
1.0
0.10602910602910603
1.0
0.08224442736356649
0.03191919191919192
1.0
1.0
1.0
1.0
0.15353371242891958
0.10979228486646884
0.12987012987012986
0.2951096121416526
1.0
0.018482864844050827
1.0
1.0

1.0
0.36504424778761063
0.883668903803132
0.7515527950310559
1.0
1.0
1.0
1.0
0.9232
1.0
1.0
1.0
1.0
1.0
1.0
1.0
1.0
1.0
0.9073978272115882
0.7616822429906542
1.0
1.0
0.391705069124424
0.10987791342952276
1.0
1.0
1.0
0.4816053511705686
0.04365904365904366
0.047619047619047616
0.3026634382566586
0.20646319569120286
1.0
1.0
1.0
0.4409937888198758
0.07220216606498195
0.08283132530120482
0.4524714828897338
0.27586206896551724
