
 FOIL 
0.0
0.03464206934733326
0.4305529316439525
0.5113616802188369
0.3478238043455426
0.6666666666666667
0.43381858393074035
0.0
0.0
0.4299219602553097
0.015866270583230823
0.40277538693413406
0.4752769278383481
0.4270336785679244
0.45706853357648547
0.024979187478940013
0.3808715611119622
0.35554732875921524
0.4629561072993461
0.0
0.42071752747479774
0.503571367834087
0.42031245252895355
0.43381858393074035
0.5356536708339716
0.5040321706522466
0.5156199157230156
0.3452368300123687
0.0
0.4232951692301352
0.0
0.4496853791116777
0.3461522659496328
0.0028735315813928075
0.3666389166385867
0.44892463405805183
0.45312429364356055
0.44865311813862896
0.0
0.4194190069187045

0.0
0.3589617229474775
0.4194190069187045
0.013068127439294213
0.013068127439294213
0.008452774757122078
0.03120937337375629
0.45906095356240084
0.4166475517630035
0.010099271305632783
0.48147767226240523
0.4283317780266265
0.015141088840426125
0.3205823007168884
0.35713273920817956
0.3508731442748809
0.009255831427450765
0.008331898827147044
0.4006395771204967
0.37499781249781183
0.5023364315920736
0.45090410163456396
0.4464573180841217
0.39313264783074053
0.0
0.3917714670905972
0.5092582009614421
0.0
0.39221011222809554
0.337777711935327
0.003019270824402195
0.4362542696626355
0.3885013679330265
0.002741188521747836
0.002637095589802056
0.008205657935826635
0.4368749538852691
0.0
0.33542976248161405
0.3698652926689405

0.3783937212178269
0.3973119430076685
0.020806248915837527
0.35713273920817956
0.43749114680715706
0.011571098121670733
0.38476483034900555
0.033222664874985305
0.01849949003634214
0.010231556382569429
0.4218748616026984
0.39787516920289634
0.3461522659496328
0.003405343770870872
0.009997917187368269
0.3856716511579994
0.33225179473695576
0.3247754809502552
0.0
0.4283317780266265
0.4188112648473713
0.4224998055633331
0.40833279753791296
0.38476483034900555
0.4646314990936997
0.00287349203632085
0.37843403137680176
0.0045729440363525
0.406198539606758
0.4142830154052084
0.008728509414293914
0.004879582855077706
0.3696540658938916
0.35554732875921524
0.43238089594456597
0.42378013516765956
0.00572870047141659
0.0077140654144471545
0.0035459655221530277
0.34234179398886144

 NTP 
0.34210475696431253
0.3421047569643124
0.4243416623437736
no_eval
0.34210475696431253
0.75
0.34210475696431253
0.34210475696431253
0.17763094620539077
0.8333333333333334
0.39424937518059944
0.4493176138005449
0.39424937518059944
0.33918113656065385
0.39424937518059944
0.4493176138005449
0.39424937518059944
0.2841128979407084
0.0
0.39424937518059944
0.34210475696431253
0.2598678515848516
0.0
0.2598678515848516
0.17763094620539077
0.3421047569643124
0.0
0.3421047569643124
0.4243416623437736
0.0
0.2290446593207629
0.0
0.0
0.33918113656065385
0.0009746338712200857
0.0
0.0
0.0019492677424401725
0.1739764207008173
0.2841128979407084

0.39424937518059944
0.002923901613660259
0.2290446593207629
0.0
0.2841128979407084
0.33918113656065385
0.4493176138005449
0.39424937518059944
0.33918113656065385
0.0034112185492703026
0.0
0.30860134499214165
0.0
0.001052621859465219
0.33771923496812994
0.3791117827826218
0.0009746526197075159
0.17105259108110515
0.3086013449921414
0.2256335063911985
0.0
0.2841128979407084
0.0
0.2290446593207629
0.0024365846780502157
0.0
0.0
0.0
0.0
0.2290446593207629
0.2549341393391461
0.0
0.24095952821768973
0.0
0.0
0.0012183157746343944
0.2705262801513725
0.3791117827826218
0.0
0.0

0.0
0.29632668715363797
0.0
0.33918113656065385
0.0
0.4205043305971137
0.17214904371016237
0.002192950817398269
0.002467069669573052
0.33918113656065385
0.21093749060712674
0.33625729119245595
0.0015789327891978292
0.23170229348588645
0.0
0.39156918359308457
0.0
0.0
0.0
0.2939967021221658
0.2963266871536381
0.0
0.0
0.2549341393391461
0.33771923496812994
0.0
0.0
0.0
0.0
0.0001754369765775359
0.23736838379461678
0.0
0.0
0.2532894525915128
0.0
0.0
0.0
0.1979775601908843
0.13789469472434912
0.1697994839880984

 NEURAL_LP 
0.18154603751546072
0.25543468748392395
0.1727940072210482
0.3363636154939533
0.17237433996910834
0.3384614373159023
0.2549341393391461
0.36361551101418566
0.3444434157521592
0.2555969110252796
0.22733910746281816
0.33974339219614913
0.22664136658701872
0.22585667136544785
0.2259258979314428
0.28026818936288966
0.2246227632965644
0.17187493218421923
0.001377402628457425
0.0
0.25231480746454427
0.16964284448905054
0.3374485074027891
0.16950112285600893
0.25207181793439126
0.2543102973720892
0.2525861966460776
0.16992185844325525
0.25286258151924546
0.2534403428419464
0.2259258979314428
0.2245791173648799
0.1701101732378102
0.22754938397116786
0.001449266230217979
0.171146910237841
0.16850219967472624
0.001442981161656852
0.16964284448905054
0.2803571318905106

0.33716470877519045
0.0017636314011926716
0.2812836833566358
0.17174790450593336
0.33699630013525517
0.281702859905931
0.22659171433023073
0.22578998516942583
0.2812836833566358
0.0008481723019986533
0.0012396623656116825
0.27966840754861233
0.1688255564827491
0.0007028091195846759
0.2535377096111875
0.21133205636516594
0.0007507489227776615
0.268810910068505
0.2793014510915379
0.2809734304719208
0.22444443839760098
0.28212846142796333
0.2254361616886229
0.27978394545739027
0.0014619748048128045
0.0008903103416415784
0.28246746655316257
0.22811436539408037
0.0005020065139890542
0.22733910746281816
0.25347219741517746
0.16906129609088572
0.16896868659376818
0.19711183719747627
0.2524350563787645
0.0007262138272554865
0.20634907304429362
0.21090367062202908
0.17063489064083148
0.26872658634242685

0.20222221650664762
0.3361110950361199
0.25297617485422574
0.17270520831547098
0.0005755049817753505
0.2984773542084085
0.21030264933765008
0.0018517756477198772
0.0014158464837695694
0.17438249554798857
0.29363425419859435
0.25221892843700866
0.001190468281869824
0.2316857208799591
0.0008620636267429924
0.25499992592724285
0.0007812474568784089
0.0005692153413184207
0.2527777650765317
0.25337835552883314
0.2528408955038415
0.1698966246521907
0.16938996851887467
0.21052025226407955
0.21093749060712663
0.2243707741541835
0.0005918544683675603
0.1697994839880982
0.0010840048692154272
0.0009433931167263544
0.2360714169299265
0.0005718946919203528
0.2365277592915378
0.2519531205848531
0.240100245998203
0.2793971074010094
0.235575042344346
0.22468353608759195
0.20190475830544674
0.21599378612915243

 AMIE 
0.4390915075790428
0.4231478814336863
0.44904077423026545
0.474806330197891
0.474806330197891
0.419270816033257
0.4162353345143974
0.34259199726434764
0.5129985742060339
0.34848224029178254
0.45286130878975117
0.4058598328006727
0.5385614048022668
0.399778663083304
0.3452368300123687
0.38876064428906654
0.39761845377917526
0.39465391702284547
0.004830727629847352
1.0
0.38876064428906654
0.49661244160247286
0.50304874270356
0.42934582880234984
0.43368899680278195
0.5595358864021638
0.42216964806726154
0.3808715611119622
0.474806330197891
0.420662037978376
0.37494583116500846
0.34920335045023143
0.3921052334594771
0.47912152597084046
0.003888759264444258
0.3921052334594771
0.39424937518059944
0.0028594255920447367
0.41238157936852105
0.3387976918316309

0.397045853778899
0.0016762348297780416
0.3969293605506199
0.4476372573126588
0.45156656136100837
0.4194190069187045
0.3919752823998549
0.5058136914711074
0.3666389166385867
0.002244649826157069
0.003611027522898095
0.4092517180292806
0.2968140600606344
0.0025113762530743675
0.3958256207117642
0.4232951692301352
0.009468066849030734
0.37370341412800234
0.39191416670528323
0.3909674900944067
0.45706853357648547
0.4006395771204967
0.4476743822118884
0.4228046206221828
0.0024509362217526314
0.0025252170328994915
0.4228046206221828
0.33888876029163817
0.002314787476591924
0.4537028464601327
0.42045449221601594
0.4066663923317917
0.3593444140937688
0.420097999638696
0.3676301592275373
0.0023756967188481247
0.37222207973262134
0.43729249664059744
0.43839272269976404
0.34108492196147666

0.38105812827719343
0.42476799760630424
0.4211537576514146
0.3541598876306875
0.001994662039211975
0.46003668201631154
0.4140117167171954
0.002705589678106598
0.0020031896943832157
0.3589617229474775
0.38078687166099146
0.37339592153506473
0.0018707320671176606
0.3784721865002124
0.0011111077101100713
0.4034364045793788
0.0007460962753529616
0.0008802800732516101
0.35663166741935026
0.37899416910536887
0.3808715611119622
0.38020821277341077
0.4020978935486177
0.3461522659496328
0.43610391266431336
0.3913530332400693
0.002480129439205633
0.418154758676742
0.0059134657159936495
0.004444261554527708
0.4424723258035054
0.0009453148854172883
0.404053992360908
0.36225198291432315
0.3855720535446754
0.36890205280267474
0.3864518932491532
0.3924836186691102
0.3357843026827101
0.38586535414141776
